[array([0.197599, 0.492871]), array([0.015188, 0.897732]), array([0.509737, 0.813011, 0.044918]), array([0.517002, 0.541902, 0.438844, 0.403496]), array([0.219411, 0.830037, 0.858036, 0.813264]), array([0.443676, 0.403472, 0.212165, 0.814086, 0.177563]), array([0.07654 , 0.090485, 0.401911, 0.111218, 0.209093, 0.981762]), array([0.122218, 0.102157, 0.123144, 0.099093, 0.415268, 0.446588,
       0.071479, 0.269864])]
[array([0.520896, 0.171238]), array([0.998017, 0.267092]), array([0.375431, 0.293548, 0.489997]), array([0.536314, 0.496395, 0.373428, 0.460871]), array([0.26741 , 0.864819, 0.926213, 0.922267]), array([0.581071, 0.083962, 0.753693, 0.767113, 0.055051]), array([0.030789, 0.970133, 0.48881 , 0.032155, 0.377123, 0.708579]), array([0.145103, 0.387915, 0.046081, 0.245527, 0.531755, 0.771797,
       0.197713, 0.805155])]
[array([0.007178, 0.993814]), array([0.959365, 0.996938]), array([0.779766, 0.797921, 0.781802]), array([0.032597, 0.410688, 0.963138, 0.948923]), array([0.363846, 0.907131, 0.95158 , 0.939799]), array([0.664117, 0.043549, 0.978163, 0.041147, 0.987447]), array([0.070576, 0.86635 , 0.007901, 0.108149, 0.260349, 0.079775]), array([0.114094, 0.215085, 0.137667, 0.263595, 0.646836, 0.515484,
       0.308092, 0.523793])]
[array([0.707295, 0.721529]), array([0.431959, 0.997359]), array([0.384766, 0.246566, 0.500749]), array([0.549933, 0.520237, 0.414532, 0.389236]), array([0.418578, 0.927686, 0.999999, 0.999999]), array([0.3931  , 0.037995, 0.798822, 0.550852, 0.131015]), array([0.026171, 0.298291, 0.026171, 0.026171, 0.420347, 0.744344]), array([0.164149, 0.211383, 0.105835, 0.223952, 0.407767, 0.520755,
       0.34299 , 0.446462])]
[array([0.675585, 0.784173]), array([0.718067, 0.943525]), array([0.395487, 0.215486, 0.505019]), array([0.493095, 0.510769, 0.417421, 0.467318]), array([0.427959, 0.930822, 0.999999, 0.999999]), array([0.531118, 0.012107, 0.762736, 0.885909, 0.030929]), array([0.016636, 0.450686, 0.319713, 0.227405, 0.452364, 0.785255]), array([0.129283, 0.111173, 0.266707, 0.161535, 0.651723, 0.504693,
       0.21642 , 0.562856])]
[array([0.789539, 0.623182]), array([0.747945, 0.978431]), array([0.36606 , 0.248513, 0.496212]), array([0.487812, 0.514704, 0.436426, 0.476178]), array([0.445791, 0.93616 , 0.999999, 0.999999]), array([0.533687, 0.23507 , 0.672025, 0.769338, 0.084265]), array([0.070238, 0.542471, 0.190235, 0.233819, 0.396099, 0.64845 ]), array([0.130849, 0.237449, 0.185727, 0.167457, 0.618164, 0.581465,
       0.187019, 0.530423])]
[array([0.746588, 0.672274]), array([0.728898, 0.928805]), array([0.389885, 0.256107, 0.494843]), array([0.479753, 0.503614, 0.424253, 0.409975]), array([0.471987, 0.943441, 0.999999, 0.999999]), array([0.478543, 0.321728, 0.645946, 0.751962, 0.068418]), array([0.165595, 0.422017, 0.213284, 0.20504 , 0.333188, 0.83018 ]), array([0.141237, 0.113857, 0.169787, 0.201129, 0.6408  , 0.553215,
       0.20381 , 0.540838])]
[array([0.72599 , 0.804668]), array([0.703633, 0.95023 ]), array([0.377007, 0.247749, 0.494434]), array([0.448624, 0.457072, 0.40677 , 0.386435]), array([0.512656, 0.953057, 0.999999, 0.999999]), array([0.425858, 0.358288, 0.622078, 0.716773, 0.044031]), array([0.244814, 0.379028, 0.150245, 0.200188, 0.32014 , 0.934497]), array([0.152341, 0.163686, 0.215456, 0.284394, 0.562093, 0.464439,
       0.236932, 0.310203])]
[array([0.791944, 0.747999]), array([0.72276 , 0.949092]), array([0.396566, 0.25168 , 0.478761]), array([0.414648, 0.40262 , 0.370492, 0.391855]), array([0.536017, 0.957835, 0.999999, 0.999999]), array([0.454102, 0.411829, 0.676872, 0.758383, 0.057069]), array([0.211003, 0.36382 , 0.250623, 0.137474, 0.257494, 0.736979]), array([0.161296, 0.163722, 0.139787, 0.14605 , 0.636641, 0.454218,
       0.187217, 0.463457])]
[array([0.633134, 0.756059]), array([0.710179, 0.936775]), array([0.381101, 0.242732, 0.492203]), array([0.382797, 0.368766, 0.338951, 0.367246]), array([0.572422, 0.964507, 0.999999, 0.999999]), array([0.454619, 0.331846, 0.627113, 0.751103, 0.014185]), array([0.195738, 0.363956, 0.329086, 0.150127, 0.247258, 0.656906]), array([0.142578, 0.06773 , 0.135353, 0.159247, 0.582034, 0.385826,
       0.227147, 0.595962])]
[array([0.763368, 0.783537]), array([0.632052, 0.123727]), array([0.407289, 0.257594, 0.50704 ]), array([0.397831, 0.375673, 0.372092, 0.382305]), array([0.601233, 0.969125, 0.999999, 0.999999]), array([0.468171, 0.332353, 0.650124, 0.726286, 0.156981]), array([0.221531, 0.355368, 0.464682, 0.1528  , 0.269735, 0.62583 ]), array([0.048413, 0.091459, 0.12621 , 0.251683, 0.646369, 0.45761 ,
       0.185832, 0.491065])]
[array([0.785293, 0.691197]), array([0.914732, 0.736742]), array([0.395622, 0.262869, 0.520769]), array([0.428498, 0.388711, 0.295926, 0.37914 ]), array([0.637197, 0.97467 , 0.999999, 0.999999]), array([0.450256, 0.346399, 0.630172, 0.635505, 0.098237]), array([0.250359, 0.346859, 0.576039, 0.153539, 0.324604, 0.674513]), array([0.092012, 0.112842, 0.084073, 0.153938, 0.726086, 0.493601,
       0.226412, 0.436469])]
[array([0.719012, 0.641921]), array([0.828532, 0.771245]), array([0.387291, 0.253641, 0.502032]), array([0.364595, 0.394984, 0.368647, 0.400693]), array([0.704894, 0.986449, 0.999999, 0.999999]), array([0.394479, 0.347143, 0.617938, 0.74153 , 0.141552]), array([0.338116, 0.333852, 0.505681, 0.099374, 0.306161, 0.634338]), array([0.082466, 0.152592, 0.177596, 0.156996, 0.718039, 0.51879 ,
       0.191857, 0.484797])]